line_type: 0
line_size: 2.5
projection_type: 1
vertex_type: 0
vertex_size: 3.5
viewport_color: 0.466667 0.462745 0.482353 1
line_color: 0 0 0
vertex_color: 0.964706 0.380392 0.317647
